140
203
375
800
900
1100
121
1750
1700
1900
2000
1950
3100
3500
3850
4025
4350
4400
4700
112
5300
83
5600
5700
5900
6200
6325
6600
6800
7000
7400
7700
8600
8800
172
9000
205
204
9900
122
186 
10850 
11000 
11050 
11600 
11650 
11900
12100 
12400
12600
13200
13900
13450
14400
14600
14700
14800
14845
15200
15400
15500
15900
16200
16600
16700
16800
137
17200
17300
30011
17500
17700
17900
18700
18875
18975
19000
149
19300
19600
19800
20000
20100
20200
20700
21600
21700
125
21800
22000
22500
22900
23000
188
100
23100
23500
23600
23800
23825
189
135
24100
24200
24400
24500
25200
25100
25300
113
25650